branch,4,0,4,0,0,90,26,1,1,0.25,2,6,1,
branch,4,0,35,0,0,90,26,1,1,0.25,2,6,1,
trunk,0,26,36,0,0,0,66,4,1,2,1,1,1,1,0.25,2,1,1,
stem,4,14,33,0,0,0,0,5,0.25,1,0.125,0.5,1,0,
branch,16,26,33,0,0,-135,20,1,1,0.25,2,6,1,
branch,62,0,35,0,0,90,26,1,1,0.25,2,6,1,
branch,4,0,37,0,0,90,26,1,1,0.25,2,6,1,
branch,50,26,33,0,0,-45,20,1,1,0.25,2,6,1,
stem,62,14,33,0,0,0,0,5,0.25,1,0.125,0.5,1,0,
branch,4,0,2,0,0,90,26,1,1,0.25,2,6,1,
branch,62,0,2,0,0,90,26,1,1,0.25,2,6,1,
branch,62,0,4,0,0,90,26,1,1,0.25,2,6,1,
branch,62,0,37,0,0,90,26,1,1,0.25,2,6,1,
branch,16,26,6,0,0,-135,20,1,1,0.25,2,6,1,
branch,50,26,6,0,0,-45,20,1,1,0.25,2,6,1,
stem,62,14,2,0,0,0,0,5,0.25,1,0.125,0.5,1,0,
stem,4,14,2,0,0,0,0,5,0.25,1,0.125,0.5,1,0,
stem,62,26,31,0,0,0,0,5,0.25,1,0.125,0.5,1,0,
stem,4,26,6,0,0,0,0,5,0.25,1,0.125,0.5,1,0,
stem,4,26,11,0,0,0,0,5,0.25,1,0.125,0.5,1,0,
stem,4,26,16,0,0,0,0,5,0.25,1,0.125,0.5,1,0,
stem,4,26,21,0,0,0,0,5,0.25,1,0.125,0.5,1,0,
stem,4,26,26,0,0,0,0,5,0.25,1,0.125,0.5,1,0,
stem,4,26,31,0,0,0,0,5,0.25,1,0.125,0.5,1,0,
stem,62,26,36,0,0,0,0,3,0.25,1,0.125,0.5,1,0,
stem,4,26,1,0,0,0,0,5,0.25,1,0.125,0.5,1,0,
stem,16,26,31,0,0,0,0,5,0.25,1,0.125,0.5,1,0,
stem,50,26,31,0,0,0,0,5,0.25,1,0.125,0.5,1,0,
stem,16,26,1,0,0,0,0,5,0.25,1,0.125,0.5,1,0,
stem,50,26,1,0,0,0,0,5,0.25,1,0.125,0.5,1,0,
stem,62,26,1,0,0,0,0,5,0.25,1,0.125,0.5,1,0,
stem,16,26,6,0,0,0,0,5,0.25,1,0.125,0.5,1,0,
stem,50,26,6,0,0,0,0,5,0.25,1,0.125,0.5,1,0,
stem,62,26,6,0,0,0,0,5,0.25,1,0.125,0.5,1,0,
stem,16,26,11,0,0,0,0,5,0.25,1,0.125,0.5,1,0,
stem,50,26,11,0,0,0,0,5,0.25,1,0.125,0.5,1,0,
stem,62,26,11,0,0,0,0,5,0.25,1,0.125,0.5,1,0,
stem,16,26,16,0,0,0,0,5,0.25,1,0.125,0.5,1,0,
stem,50,26,16,0,0,0,0,5,0.25,1,0.125,0.5,1,0,
stem,62,26,16,0,0,0,0,5,0.25,1,0.125,0.5,1,0,
stem,16,26,21,0,0,0,0,5,0.25,1,0.125,0.5,1,0,
stem,50,26,21,0,0,0,0,5,0.25,1,0.125,0.5,1,0,
stem,62,26,21,0,0,0,0,5,0.25,1,0.125,0.5,1,0,
stem,16,26,26,0,0,0,0,5,0.25,1,0.125,0.5,1,0,
stem,50,26,26,0,0,0,0,5,0.25,1,0.125,0.5,1,0,
stem,62,26,26,0,0,0,0,5,0.25,1,0.125,0.5,1,0,
stem,4,26,36,0,0,0,0,3,0.25,1,0.125,0.5,1,0,
stem,16,26,36,0,0,0,0,3,0.25,1,0.125,0.5,1,0,
stem,50,26,36,0,0,0,0,3,0.25,1,0.125,0.5,1,0,
trunk,0,26,16,0,0,0,66,4,1,2,1,1,1,1,0.25,2,1,0,
trunk,0,26,12,0,0,0,66,4,1,2,1,1,1,1,0.25,2,1,0,
trunk,0,26,8,0,0,0,66,4,1,2,1,1,1,1,0.25,2,1,0,
trunk,0,26,4,0,0,0,66,4,1,2,1,1,1,1,0.25,2,1,0,
trunk,0,26,0,0,0,0,66,4,1,2,1,1,1,1,0.25,2,1,0,
trunk,0,26,20,0,0,0,66,4,1,2,1,1,1,1,0.25,2,1,1,
trunk,0,26,24,0,0,0,66,4,1,2,1,1,1,1,0.25,2,1,1,
trunk,0,26,28,0,0,0,66,4,1,2,1,1,1,1,0.25,2,1,1,
trunk,0,26,32,0,0,0,66,4,1,2,1,1,1,1,0.25,2,1,1,
